 0.0008694960  0.0001556260  0.0002138620  0.0002831710  0.0004162920  0.0002878450  0.0004610190  0.0002912780  0.0002884540  0.0002670320  0.0003215320  0.0001124130  0.0002501380  0.0002382220  0.0001019510  0.0001685140  0.0002945700  0.0002121860  0.0002629200  0.0002922870  0.0002227340  0.0001822970  0.0003272700  0.0002318020  0.0002171620  0.0001959880  0.0003936870  0.0003353250  0.0002926640  0.0001702520  0.0001628820  0.0005239260  0.0000834980  0.0004003200  0.0004737350  0.0004083730  0.0003159930  0.0002621060  0.0002519280  0.0004412260  0.0003534870  0.0004123190  0.0002968380  0.0001833010  0.0004512460  0.0005436470  0.0002420030  0.0002829160  0.0001125080  0.0002216210  0.0001269030  0.0004619900  0.0006386450  0.0005715490  0.0002023450  0.0002427850  0.0002435220  0.0002899880  0.0001820260  0.0002083600  0.0001098310  0.0005094380  0.0001884450  0.0001866500  0.0004428080  0.0000860760  0.0001919310  0.0002263970  0.0002947790  0.0002015560  0.0003708600  0.0001519320  0.0004423540  0.0000992410  0.0002316120  0.0005258230  0.0002816840  0.0002546840  0.0002544910  0.0003446190  0.0003795070  0.0005968960  0.0004507450  0.0001933190  0.0001799870  0.0000822440  0.0003360910  0.0005964680  0.0004350130  0.0002698290  0.0002080870  0.0001132060  0.0002772480  0.0002499540  0.0003993290  0.0003065930  0.0003056500  0.0003458990  0.0002582680  0.0002895220  
  0.0001556260  0.0002274760  0.0001171460  0.0001202010  0.0001752220  0.0001581020  0.0002246220  0.0001275980  0.0001108710  0.0001568540  0.0001636850  0.0000744250  0.0001547520  0.0001249480  0.0000791150  0.0001525940  0.0001346810  0.0001206830  0.0001352330  0.0001362130  0.0000966690  0.0001088390  0.0001685770  0.0001102190  0.0001046800  0.0001139530  0.0001836100  0.0001601490  0.0001549760  0.0001086110  0.0000963870  0.0002581070  0.0000712260  0.0001350060  0.0001235160  0.0001436000  0.0001506200  0.0001453730  0.0001208860  0.0001335560  0.0001515330  0.0001512680  0.0001418550  0.0001045330  0.0002194000  0.0002698500  0.0001225610  0.0001156760  0.0000743420  0.0001045010  0.0000746330  0.0001664270  0.0001651970  0.0001630150  0.0001057400  0.0001215330  0.0001407220  0.0001430720  0.0000928250  0.0001067880  0.0000758360  0.0002514600  0.0001256090  0.0001045330  0.0002068680  0.0000720960  0.0001069150  0.0001081000  0.0001361810  0.0001163460  0.0001178930  0.0000981180  0.0001601320  0.0000863980  0.0001115530  0.0001810650  0.0001242050  0.0001386680  0.0001286140  0.0001728170  0.0001312050  0.0001524780  0.0001368450  0.0001036340  0.0001033960  0.0000666560  0.0001533280  0.0001512510  0.0001645030  0.0001135670  0.0001484090  0.0000828990  0.0001094460  0.0001195090  0.0001457890  0.0001557720  0.0001570670  0.0001721540  0.0001165550  0.0001469930  
  0.0002138620  0.0001171460  0.0003409240  0.0001632310  0.0002244230  0.0001790720  0.0002409460  0.0001776300  0.0001605100  0.0001525990  0.0001928690  0.0000841570  0.0002082370  0.0001354230  0.0000779970  0.0001876450  0.0001829300  0.0001307640  0.0001519980  0.0001831600  0.0001371920  0.0001104880  0.0001894950  0.0001465720  0.0001297150  0.0001495560  0.0002191640  0.0001959940  0.0001598560  0.0001051670  0.0001025750  0.0002798130  0.0000671860  0.0001572350  0.0001876760  0.0002243060  0.0001495530  0.0001493130  0.0001524100  0.0001607030  0.0001767870  0.0002200030  0.0001754450  0.0001044870  0.0002326560  0.0002852390  0.0001571430  0.0001525700  0.0000834820  0.0001464450  0.0000787410  0.0002432520  0.0002317640  0.0002098110  0.0001381780  0.0001297230  0.0001399440  0.0001731690  0.0001181530  0.0001297270  0.0000841290  0.0002741260  0.0001415540  0.0001221850  0.0002353410  0.0000660110  0.0001230370  0.0001319470  0.0001788790  0.0001537850  0.0001710600  0.0000958480  0.0002138770  0.0001070160  0.0001319510  0.0002379910  0.0001831340  0.0001666560  0.0002280170  0.0002056480  0.0001879450  0.0002048260  0.0001721240  0.0001252970  0.0001114090  0.0000728520  0.0001665170  0.0002112890  0.0002337750  0.0001481580  0.0001623290  0.0000896370  0.0001745850  0.0001554020  0.0002012640  0.0001723340  0.0001924970  0.0002092470  0.0001503670  0.0001596590  
  0.0002831710  0.0001202010  0.0001632310  0.0004563870  0.0003338550  0.0002270320  0.0003587840  0.0003751970  0.0001925750  0.0002246050  0.0002763020  0.0000803480  0.0002203670  0.0001909780  0.0000843290  0.0002453030  0.0002238390  0.0001901490  0.0002003510  0.0002471360  0.0002009010  0.0001312440  0.0002698110  0.0001729220  0.0001638620  0.0001604930  0.0003246140  0.0002984570  0.0002496660  0.0001170190  0.0001148560  0.0004031760  0.0000726910  0.0001928990  0.0002502370  0.0003681790  0.0002645830  0.0002005990  0.0001846670  0.0001953610  0.0002196610  0.0003224250  0.0002437460  0.0001045510  0.0003660530  0.0003782710  0.0002161030  0.0001879750  0.0000827830  0.0001820240  0.0001216460  0.0003389960  0.0002913470  0.0002522440  0.0001760390  0.0002120320  0.0002126960  0.0002407960  0.0001373910  0.0001638660  0.0000927980  0.0003871300  0.0001465920  0.0001605610  0.0003606660  0.0000681650  0.0001553690  0.0001706600  0.0002497950  0.0001605910  0.0002266320  0.0001054060  0.0002788010  0.0000991300  0.0001587050  0.0003203160  0.0002355700  0.0002233810  0.0001887750  0.0003100760  0.0002419060  0.0002653360  0.0002120650  0.0001452360  0.0001301080  0.0000863570  0.0002920870  0.0002714060  0.0003193280  0.0002134150  0.0001645170  0.0001050160  0.0002195690  0.0002031910  0.0002712460  0.0002265430  0.0002612330  0.0002639680  0.0002190560  0.0002629700  
  0.0004162920  0.0001752220  0.0002244230  0.0003338550  0.0008131080  0.0003517330  0.0007229680  0.0003615180  0.0002698070  0.0004162800  0.0004797920  0.0000991710  0.0003369020  0.0003031650  0.0001220550  0.0003989150  0.0003592210  0.0003071150  0.0002958800  0.0003901060  0.0002764680  0.0001763040  0.0004789870  0.0002867020  0.0002362670  0.0002459180  0.0005647680  0.0004683690  0.0004473760  0.0001583370  0.0001579340  0.0008018460  0.0001032840  0.0002821090  0.0003717080  0.0004704060  0.0005166500  0.0003598310  0.0002802430  0.0003065310  0.0003682720  0.0005583580  0.0003930730  0.0001460200  0.0006478960  0.0006535450  0.0002995400  0.0002836250  0.0001328360  0.0002801800  0.0002405070  0.0005935430  0.0004364840  0.0003675160  0.0002583890  0.0003976960  0.0003730770  0.0003744630  0.0002560500  0.0002322120  0.0001284350  0.0007157410  0.0002326370  0.0002599870  0.0006660790  0.0000938390  0.0002356340  0.0002608480  0.0003717120  0.0002609830  0.0003731300  0.0001455460  0.0004154670  0.0001354850  0.0002358360  0.0004790710  0.0003382180  0.0003452280  0.0002762470  0.0005364450  0.0003676750  0.0003985900  0.0003064370  0.0002126990  0.0001707410  0.0001156890  0.0005476410  0.0003816500  0.0005240130  0.0002847560  0.0002744390  0.0001402300  0.0003149350  0.0002750620  0.0003876330  0.0004142830  0.0004381320  0.0004141830  0.0002840710  0.0004932050  
  0.0002878450  0.0001581020  0.0001790720  0.0002270320  0.0003517330  0.0004578800  0.0004111750  0.0002423490  0.0002104300  0.0002522220  0.0002926480  0.0001132070  0.0002309710  0.0002150090  0.0001090530  0.0002749270  0.0002439430  0.0002189810  0.0002290840  0.0002710460  0.0001877130  0.0001561780  0.0003058830  0.0001914780  0.0001736890  0.0001824920  0.0003530300  0.0002887410  0.0002662150  0.0001499300  0.0001391100  0.0004455450  0.0000863100  0.0002204470  0.0002392840  0.0002841520  0.0002863660  0.0002397510  0.0002138500  0.0002227340  0.0002595170  0.0003282360  0.0002452050  0.0001427310  0.0004037500  0.0004701840  0.0002155910  0.0002059930  0.0000999970  0.0001910520  0.0001263860  0.0003580780  0.0002904380  0.0002762280  0.0001764800  0.0002276160  0.0002376690  0.0002586080  0.0001658310  0.0001726740  0.0001005670  0.0004435500  0.0001774520  0.0001749630  0.0003880350  0.0000937770  0.0001732030  0.0001853550  0.0002697400  0.0001733510  0.0002479540  0.0001342260  0.0002790310  0.0001166130  0.0001782480  0.0003209550  0.0002307770  0.0002414250  0.0002028940  0.0003158200  0.0002473170  0.0002659550  0.0002317770  0.0001613460  0.0001554840  0.0001006040  0.0003051280  0.0002748770  0.0003064760  0.0001930190  0.0001971420  0.0001120460  0.0002168000  0.0002030790  0.0002680640  0.0002601710  0.0003049510  0.0003061530  0.0002045970  0.0002858580  
  0.0004610190  0.0002246220  0.0002409460  0.0003587840  0.0007229680  0.0004111750  0.0015183500  0.0003789610  0.0003289310  0.0004779640  0.0005065010  0.0001170760  0.0003598790  0.0003726840  0.0001430970  0.0004615640  0.0004058260  0.0003498450  0.0003397230  0.0003843310  0.0003019800  0.0002133070  0.0005967700  0.0003143430  0.0002710660  0.0002565010  0.0007446380  0.0005358630  0.0005036340  0.0002034430  0.0001852250  0.0009764340  0.0001082470  0.0003028330  0.0003578340  0.0005086120  0.0007344470  0.0004495710  0.0003111450  0.0003404450  0.0004521890  0.0005813110  0.0004338940  0.0001681230  0.0007148390  0.0009504140  0.0003414450  0.0002906840  0.0001309100  0.0002964180  0.0002390100  0.0006803290  0.0004792100  0.0004131290  0.0002714100  0.0004235760  0.0003941800  0.0003780160  0.0002685290  0.0002559170  0.0001270340  0.0008946030  0.0002901980  0.0002956800  0.0008008020  0.0001075870  0.0002611850  0.0002869910  0.0004087330  0.0002853650  0.0003927530  0.0001684850  0.0004529030  0.0001392810  0.0002461100  0.0005040860  0.0003636670  0.0004161090  0.0003010460  0.0006581720  0.0003864800  0.0004348750  0.0003571060  0.0002260060  0.0002043220  0.0001285500  0.0007520160  0.0004137210  0.0006085820  0.0002997240  0.0003665230  0.0001733620  0.0003088090  0.0002990350  0.0004185990  0.0005466130  0.0004901640  0.0004715510  0.0002951130  0.0006443660  
  0.0002912780  0.0001275980  0.0001776300  0.0003751970  0.0003615180  0.0002423490  0.0003789610  0.0005546490  0.0002094830  0.0002412230  0.0002932420  0.0000892320  0.0002469910  0.0002067380  0.0000896040  0.0002657030  0.0002430690  0.0002085430  0.0002171140  0.0002802970  0.0002244510  0.0001449910  0.0002967880  0.0001943290  0.0001891820  0.0001721220  0.0003266700  0.0003205650  0.0002736450  0.0001283690  0.0001279210  0.0004438100  0.0000802640  0.0001980940  0.0002708410  0.0003962310  0.0002762650  0.0002183580  0.0001993020  0.0002151770  0.0002322430  0.0003508880  0.0002680780  0.0001171310  0.0004012620  0.0003940330  0.0002352980  0.0001997860  0.0000986930  0.0002035930  0.0001335930  0.0003762330  0.0003155110  0.0002663410  0.0001909530  0.0002362930  0.0002316690  0.0002689270  0.0001559100  0.0001779760  0.0000994240  0.0004174360  0.0001585800  0.0001742670  0.0003632800  0.0000775440  0.0001625150  0.0001903310  0.0002703080  0.0001768490  0.0002542230  0.0001215410  0.0003060560  0.0001040510  0.0001798680  0.0003420710  0.0002712890  0.0002352680  0.0001964560  0.0003558480  0.0002661700  0.0002871600  0.0002366350  0.0001517850  0.0001446440  0.0000914500  0.0003034480  0.0002891350  0.0003374440  0.0002292380  0.0001754350  0.0001155040  0.0002236030  0.0002219250  0.0002925240  0.0002440730  0.0002937110  0.0002864250  0.0002236920  0.0002750960  
  0.0002884540  0.0001108710  0.0001605100  0.0001925750  0.0002698070  0.0002104300  0.0003289310  0.0002094830  0.0004978440  0.0001953720  0.0002374560  0.0000736740  0.0001916090  0.0001675750  0.0000876800  0.0001967050  0.0002048350  0.0001773500  0.0002378420  0.0002243720  0.0001620140  0.0001225150  0.0002485290  0.0001613260  0.0001645720  0.0001461230  0.0002862530  0.0002534660  0.0002062380  0.0001183630  0.0001214480  0.0003234420  0.0000802970  0.0002233400  0.0002518540  0.0002644320  0.0002162060  0.0001874970  0.0001780030  0.0002064010  0.0002117550  0.0002779230  0.0002083180  0.0001156170  0.0003047780  0.0003837570  0.0001821720  0.0001897410  0.0001065860  0.0001653630  0.0001116090  0.0003075190  0.0002792000  0.0002698190  0.0001438280  0.0001777340  0.0001757220  0.0002153800  0.0001513970  0.0001467610  0.0000955510  0.0003359360  0.0001304560  0.0001433500  0.0003146350  0.0000633730  0.0001431170  0.0001619500  0.0002353360  0.0001402620  0.0002192150  0.0001067080  0.0002566010  0.0000825490  0.0001529640  0.0002910640  0.0002070880  0.0002049400  0.0001741420  0.0002715500  0.0002221030  0.0002703970  0.0002298300  0.0001271120  0.0001264650  0.0000827830  0.0002545560  0.0002566140  0.0002867200  0.0001759600  0.0001513330  0.0000963320  0.0002107740  0.0001819620  0.0002611430  0.0001999540  0.0002589470  0.0002880280  0.0001758750  0.0002096870  
  0.0002670320  0.0001568540  0.0001525990  0.0002246050  0.0004162800  0.0002522220  0.0004779640  0.0002412230  0.0001953720  0.0005579690  0.0003465790  0.0001040970  0.0002335100  0.0002526730  0.0001090350  0.0003126220  0.0002509760  0.0002352520  0.0002163790  0.0002947240  0.0001822720  0.0001687780  0.0003562770  0.0002289630  0.0001601570  0.0001687320  0.0004005110  0.0003270230  0.0004404070  0.0001599040  0.0001589170  0.0005414390  0.0000882370  0.0002020710  0.0002301860  0.0002656100  0.0003987320  0.0002913110  0.0001915300  0.0001947210  0.0002863780  0.0003713480  0.0002785820  0.0001500560  0.0005954500  0.0004559150  0.0002088480  0.0002034490  0.0001115650  0.0002042930  0.0001769000  0.0003674520  0.0002838710  0.0002464810  0.0001758540  0.0004072640  0.0004251020  0.0002646120  0.0001875600  0.0001745790  0.0001099490  0.0005242650  0.0001613740  0.0002027060  0.0006190030  0.0001142320  0.0001790410  0.0001899790  0.0002879570  0.0001798110  0.0002445170  0.0001454440  0.0002887820  0.0001057930  0.0001817940  0.0003079520  0.0002261040  0.0002390910  0.0001829690  0.0003975330  0.0002422900  0.0002483120  0.0002306460  0.0001522740  0.0001748640  0.0001051180  0.0003890160  0.0002465010  0.0003548180  0.0001765400  0.0002043240  0.0001233240  0.0001996330  0.0001889120  0.0002718400  0.0003090060  0.0003212400  0.0003016480  0.0001939870  0.0003745000  
  0.0003215320  0.0001636850  0.0001928690  0.0002763020  0.0004797920  0.0002926480  0.0005065010  0.0002932420  0.0002374560  0.0003465790  0.0005566810  0.0001004430  0.0002814410  0.0002591530  0.0001139620  0.0003274390  0.0002848600  0.0002521860  0.0002418210  0.0003211250  0.0002207590  0.0001679380  0.0003828390  0.0002275580  0.0002099650  0.0001976870  0.0004663730  0.0003740780  0.0003434770  0.0001520530  0.0001426560  0.0005764340  0.0001001450  0.0002343080  0.0002857240  0.0003429610  0.0004102880  0.0002974240  0.0002390350  0.0002515040  0.0002991260  0.0003876220  0.0003007040  0.0001465210  0.0005215270  0.0005368450  0.0002488000  0.0002401970  0.0001193110  0.0002208450  0.0001742170  0.0004121500  0.0003279240  0.0002993110  0.0002158530  0.0003044120  0.0003123040  0.0002980280  0.0002024410  0.0001974200  0.0001172140  0.0005567400  0.0001871240  0.0002172450  0.0004874080  0.0000992650  0.0002010330  0.0002229630  0.0003136570  0.0001967640  0.0002939740  0.0001403860  0.0003257980  0.0001180870  0.0002060380  0.0003774320  0.0002702840  0.0002747690  0.0002287480  0.0004175890  0.0002958370  0.0002997030  0.0002526730  0.0001767590  0.0001607260  0.0001100310  0.0004259100  0.0003027960  0.0004126870  0.0002317770  0.0002274550  0.0001238980  0.0002566150  0.0002426830  0.0003167020  0.0003184410  0.0003492230  0.0003360680  0.0002438510  0.0003896600  
  0.0001124130  0.0000744250  0.0000841570  0.0000803480  0.0000991710  0.0001132070  0.0001170760  0.0000892320  0.0000736740  0.0001040970  0.0001004430  0.0003481140  0.0000731650  0.0000897770  0.0000668790  0.0000857940  0.0000843260  0.0000885740  0.0000974360  0.0000815630  0.0000854630  0.0000849680  0.0001081370  0.0000919180  0.0000856020  0.0000761530  0.0000996020  0.0000920410  0.0000960220  0.0000804330  0.0000843810  0.0001544550  0.0000631080  0.0001043110  0.0001068560  0.0001091170  0.0000805300  0.0001035990  0.0000864920  0.0000939640  0.0001105060  0.0000944020  0.0000921830  0.0000827390  0.0001422960  0.0001757420  0.0000931370  0.0000838540  0.0000664040  0.0000840740  0.0000468990  0.0001052010  0.0001170650  0.0001212540  0.0000689760  0.0000848680  0.0000905330  0.0000980940  0.0000689110  0.0000756180  0.0000674150  0.0001461930  0.0000764170  0.0000732660  0.0001176580  0.0000602680  0.0000709340  0.0000794780  0.0000835620  0.0000689610  0.0000917080  0.0000811460  0.0001265950  0.0000597330  0.0000804420  0.0001259620  0.0000973580  0.0000907710  0.0000810020  0.0001071350  0.0000867630  0.0001187830  0.0001032060  0.0000794060  0.0000824610  0.0000595330  0.0000921260  0.0001096400  0.0000944710  0.0000797270  0.0001007710  0.0000639510  0.0000881360  0.0000860980  0.0001014110  0.0000848710  0.0000887820  0.0001178350  0.0000750530  0.0000955610  
  0.0002501380  0.0001547520  0.0002082370  0.0002203670  0.0003369020  0.0002309710  0.0003598790  0.0002469910  0.0001916090  0.0002335100  0.0002814410  0.0000731650  0.0009103680  0.0001853350  0.0000941930  0.0002623970  0.0002514590  0.0001800230  0.0001951120  0.0002558290  0.0001735670  0.0001279390  0.0002754310  0.0001676090  0.0001829590  0.0002146630  0.0003344020  0.0003069470  0.0002515440  0.0001068420  0.0001083030  0.0004135230  0.0000695750  0.0001769280  0.0002377240  0.0002907290  0.0002802260  0.0002016400  0.0001898310  0.0001707630  0.0002065400  0.0003559640  0.0002393380  0.0001000340  0.0003772200  0.0003779350  0.0002044560  0.0001838740  0.0000913350  0.0001934160  0.0001424600  0.0003910320  0.0002679000  0.0002341110  0.0001819870  0.0002168670  0.0002179810  0.0002606180  0.0001511060  0.0001641730  0.0000935420  0.0003777550  0.0001627920  0.0001530570  0.0003520900  0.0000623460  0.0001550260  0.0001770040  0.0002526880  0.0002165940  0.0002247240  0.0001023340  0.0002358200  0.0001253470  0.0001675920  0.0002839420  0.0002234510  0.0002253950  0.0002205900  0.0003664750  0.0002377580  0.0002284950  0.0002011520  0.0001384690  0.0001168830  0.0000827290  0.0002697040  0.0002390760  0.0003082960  0.0001928930  0.0001944900  0.0001139820  0.0002343130  0.0001946060  0.0002656250  0.0002387600  0.0002652940  0.0002554870  0.0001907360  0.0002591530  
  0.0002382220  0.0001249480  0.0001354230  0.0001909780  0.0003031650  0.0002150090  0.0003726840  0.0002067380  0.0001675750  0.0002526730  0.0002591530  0.0000897770  0.0001853350  0.0003285180  0.0000940060  0.0002299130  0.0002040680  0.0001891440  0.0001862370  0.0002238100  0.0001449370  0.0001367040  0.0002742440  0.0001638350  0.0001394360  0.0001460330  0.0003365360  0.0002537260  0.0002466450  0.0001332850  0.0001245670  0.0004460790  0.0000811980  0.0001766270  0.0002110040  0.0002224830  0.0002907240  0.0002546500  0.0001609940  0.0001844660  0.0002409750  0.0002626540  0.0002161960  0.0001252730  0.0003616400  0.0004123130  0.0001702830  0.0001780730  0.0000929740  0.0001602710  0.0001307860  0.0002736770  0.0002462130  0.0002331760  0.0001501210  0.0002155520  0.0002249970  0.0002116590  0.0001512130  0.0001507210  0.0000968890  0.0004002250  0.0001521100  0.0001774160  0.0003555820  0.0000864930  0.0001507400  0.0001584280  0.0002282520  0.0001439960  0.0001987630  0.0001190300  0.0002431160  0.0000856860  0.0001541100  0.0002569710  0.0001831550  0.0002014760  0.0001541250  0.0002766930  0.0001989660  0.0002311560  0.0001990130  0.0001291360  0.0001415190  0.0000918030  0.0002944270  0.0002301090  0.0002774490  0.0001590870  0.0001739330  0.0001044700  0.0001689780  0.0001714190  0.0002272310  0.0002507320  0.0002326010  0.0002450430  0.0001616650  0.0002769660  
  0.0001019510  0.0000791150  0.0000779970  0.0000843290  0.0001220550  0.0001090530  0.0001430970  0.0000896040  0.0000876800  0.0001090350  0.0001139620  0.0000668790  0.0000941930  0.0000940060  0.0001269010  0.0001160790  0.0000969010  0.0000958620  0.0000994670  0.0001031860  0.0000700120  0.0000838870  0.0001155610  0.0000896930  0.0000725800  0.0000841920  0.0001299310  0.0001193040  0.0001091140  0.0000812810  0.0000756530  0.0001643340  0.0000659900  0.0000941640  0.0000817390  0.0000801150  0.0001071010  0.0001074050  0.0000912060  0.0000930460  0.0001036700  0.0001171680  0.0000981430  0.0000791320  0.0001546410  0.0001622870  0.0000925960  0.0000877520  0.0000608990  0.0000824360  0.0000595860  0.0001199350  0.0001082680  0.0001058890  0.0000754880  0.0000987500  0.0001024660  0.0001015160  0.0000694570  0.0000822260  0.0000708730  0.0001640960  0.0000771810  0.0000843530  0.0001550470  0.0000612920  0.0000822810  0.0000839280  0.0001060330  0.0000682960  0.0000904940  0.0000770700  0.0001082520  0.0000570820  0.0000855340  0.0001275470  0.0000845830  0.0001131950  0.0000801700  0.0001338180  0.0000962730  0.0001052280  0.0000909380  0.0000766950  0.0000805320  0.0000812140  0.0001176580  0.0000957370  0.0001173380  0.0000775460  0.0000964700  0.0000638610  0.0000779340  0.0000866270  0.0001055610  0.0001013380  0.0001204510  0.0001258340  0.0000791530  0.0001104860  
  0.0001685140  0.0001525940  0.0001876450  0.0002453030  0.0003989150  0.0002749270  0.0004615640  0.0002657030  0.0001967050  0.0003126220  0.0003274390  0.0000857940  0.0002623970  0.0002299130  0.0001160790  0.0008581840  0.0002592550  0.0002681710  0.0001998120  0.0003182630  0.0002124840  0.0001428900  0.0003083150  0.0001977640  0.0001535060  0.0001769190  0.0003696980  0.0003695930  0.0003163590  0.0001233710  0.0001391970  0.0004841990  0.0000884930  0.0001652580  0.0001747350  0.0003094380  0.0003443140  0.0002739570  0.0002103010  0.0001306290  0.0002356210  0.0003730380  0.0002984680  0.0001014340  0.0004678270  0.0004443400  0.0002075050  0.0001724100  0.0001038780  0.0002114920  0.0001799400  0.0004294610  0.0001720650  0.0001733010  0.0001960060  0.0002824910  0.0002833210  0.0002730270  0.0001668270  0.0001798570  0.0001133440  0.0004863910  0.0001850180  0.0001823120  0.0004408090  0.0000853470  0.0001950380  0.0002087640  0.0003142760  0.0001657750  0.0002198170  0.0001175630  0.0002637220  0.0001251440  0.0001822920  0.0002553980  0.0002412270  0.0002789940  0.0002045800  0.0004318080  0.0002436100  0.0001528640  0.0001691210  0.0001591070  0.0001325590  0.0001180140  0.0003827000  0.0001665540  0.0003051870  0.0001964430  0.0002233620  0.0001351860  0.0002290540  0.0002042040  0.0002575410  0.0002864820  0.0003526420  0.0002744310  0.0001917510  0.0003505610  
  0.0002945700  0.0001346810  0.0001829300  0.0002238390  0.0003592210  0.0002439430  0.0004058260  0.0002430690  0.0002048350  0.0002509760  0.0002848600  0.0000843260  0.0002514590  0.0002040680  0.0000969010  0.0002592550  0.0003779850  0.0002209540  0.0002183860  0.0002701380  0.0001764440  0.0001437170  0.0002934950  0.0001804130  0.0001712260  0.0001703800  0.0003444450  0.0003418290  0.0002648150  0.0001294300  0.0001224130  0.0004591230  0.0000757450  0.0001956970  0.0002457240  0.0002912660  0.0003013370  0.0002247670  0.0002001210  0.0002122420  0.0002314610  0.0003283000  0.0002639150  0.0001238980  0.0003932880  0.0004273460  0.0002033100  0.0002002720  0.0000905220  0.0001866710  0.0001387970  0.0003538620  0.0002947110  0.0002638680  0.0001761690  0.0002305260  0.0002255480  0.0002606000  0.0001565130  0.0001811150  0.0001007340  0.0004307370  0.0001634220  0.0001752530  0.0004014200  0.0000790480  0.0001676840  0.0001820500  0.0002736480  0.0001703440  0.0002525060  0.0001196330  0.0002832650  0.0001007190  0.0001718980  0.0003181230  0.0002428600  0.0002487170  0.0002093730  0.0003640930  0.0002621360  0.0002636650  0.0002139070  0.0001583290  0.0001355050  0.0000944600  0.0003181610  0.0002691520  0.0003298120  0.0001858710  0.0001846360  0.0001047610  0.0002131000  0.0001942610  0.0002764560  0.0002533600  0.0002901180  0.0002830420  0.0001908760  0.0002850100  
  0.0002121860  0.0001206830  0.0001307640  0.0001901490  0.0003071150  0.0002189810  0.0003498450  0.0002085430  0.0001773500  0.0002352520  0.0002521860  0.0000885740  0.0001800230  0.0001891440  0.0000958620  0.0002681710  0.0002209540  0.0003778810  0.0001855300  0.0002636320  0.0001538480  0.0001248450  0.0002597190  0.0001671130  0.0001518800  0.0001465440  0.0002813910  0.0003105620  0.0002347300  0.0001168530  0.0001092650  0.0003642300  0.0000808180  0.0001644980  0.0001820250  0.0002425620  0.0002497010  0.0002102910  0.0001683610  0.0001654470  0.0002028500  0.0002980180  0.0002446270  0.0001097010  0.0003501190  0.0003777610  0.0001798560  0.0001609860  0.0000901840  0.0001543650  0.0001243630  0.0003263660  0.0002164880  0.0002028900  0.0001453860  0.0002120430  0.0002154980  0.0002261260  0.0001386640  0.0001444640  0.0000930430  0.0003585070  0.0001383190  0.0001609480  0.0003545230  0.0000735460  0.0001547740  0.0001612240  0.0002826060  0.0001466510  0.0001983160  0.0001041210  0.0002308700  0.0000890250  0.0001519550  0.0002417830  0.0001847390  0.0002218050  0.0001548460  0.0003643730  0.0001987140  0.0001966040  0.0001730320  0.0001348890  0.0001171830  0.0000898740  0.0002763660  0.0001952530  0.0002601040  0.0001517030  0.0001668180  0.0001114540  0.0001761360  0.0001615990  0.0002161650  0.0002142570  0.0003212510  0.0002452900  0.0001525290  0.0002523510  
  0.0002629200  0.0001352330  0.0001519980  0.0002003510  0.0002958800  0.0002290840  0.0003397230  0.0002171140  0.0002378420  0.0002163790  0.0002418210  0.0000974360  0.0001951120  0.0001862370  0.0000994670  0.0001998120  0.0002183860  0.0001855300  0.0003960620  0.0002259010  0.0001482980  0.0001474760  0.0002721350  0.0001678140  0.0001509100  0.0001535280  0.0003040720  0.0002694000  0.0002321770  0.0001456550  0.0001280710  0.0004447890  0.0000912860  0.0002060520  0.0002253790  0.0002636620  0.0002548220  0.0002007140  0.0001860370  0.0002067160  0.0002246270  0.0002798280  0.0002045310  0.0001396200  0.0003524470  0.0003937650  0.0001938310  0.0001869060  0.0000995160  0.0001647700  0.0001112340  0.0003033150  0.0002776470  0.0002469930  0.0001478160  0.0001847110  0.0002040970  0.0002272200  0.0001507790  0.0001588140  0.0000941260  0.0003849010  0.0001617830  0.0001629770  0.0003281660  0.0000843470  0.0001573690  0.0001586950  0.0002275330  0.0001456720  0.0002150750  0.0001290010  0.0002561850  0.0000935740  0.0001497770  0.0003070650  0.0001966190  0.0002113650  0.0001795220  0.0002830090  0.0002262620  0.0002498580  0.0002113330  0.0001468140  0.0001410130  0.0000889830  0.0002757420  0.0002536890  0.0002865450  0.0001780130  0.0001805480  0.0001120440  0.0001820170  0.0001753710  0.0002371820  0.0002343900  0.0002590660  0.0003000210  0.0001696100  0.0002454560  
  0.0002922870  0.0001362130  0.0001831600  0.0002471360  0.0003901060  0.0002710460  0.0003843310  0.0002802970  0.0002243720  0.0002947240  0.0003211250  0.0000815630  0.0002558290  0.0002238100  0.0001031860  0.0003182630  0.0002701380  0.0002636320  0.0002259010  0.0005693410  0.0002095490  0.0001381350  0.0003120420  0.0001969100  0.0001775470  0.0001832160  0.0003463100  0.0003401120  0.0003035110  0.0001280740  0.0001277900  0.0004821320  0.0000820770  0.0002131490  0.0002558950  0.0003012080  0.0003121820  0.0002331650  0.0002156030  0.0002140170  0.0002474110  0.0004165910  0.0002711060  0.0001211540  0.0004687380  0.0004157170  0.0002272990  0.0002114660  0.0001128540  0.0002070490  0.0001525310  0.0004223330  0.0003048030  0.0002656250  0.0001909940  0.0002620800  0.0002734910  0.0002780170  0.0001672820  0.0001886350  0.0001177660  0.0004603420  0.0001592860  0.0001820020  0.0004543560  0.0000814710  0.0001803700  0.0001915360  0.0003798340  0.0001757100  0.0002550460  0.0001152870  0.0003114330  0.0001151810  0.0001874500  0.0003284240  0.0002510600  0.0002547100  0.0002012630  0.0003700090  0.0002722030  0.0002805420  0.0002435180  0.0001606720  0.0001443690  0.0001068190  0.0003241530  0.0002708450  0.0003382810  0.0001957630  0.0001977950  0.0001240870  0.0002418540  0.0002172940  0.0002787550  0.0002615650  0.0003959150  0.0003032070  0.0002053730  0.0003048810  
  0.0002227340  0.0000966690  0.0001371920  0.0002009010  0.0002764680  0.0001877130  0.0003019800  0.0002244510  0.0001620140  0.0001822720  0.0002207590  0.0000854630  0.0001735670  0.0001449370  0.0000700120  0.0002124840  0.0001764440  0.0001538480  0.0001482980  0.0002095490  0.0004003120  0.0001008560  0.0002254640  0.0001546160  0.0001339600  0.0001332000  0.0002654980  0.0002087330  0.0001972450  0.0000922150  0.0000946440  0.0002960230  0.0000512610  0.0001616970  0.0002281780  0.0002626270  0.0002133960  0.0001706330  0.0001550330  0.0001676780  0.0001877970  0.0002748400  0.0001899130  0.0000909540  0.0002930290  0.0003189750  0.0001853390  0.0001572650  0.0000735930  0.0001570010  0.0000918320  0.0002914850  0.0002397670  0.0002100340  0.0001416150  0.0001814220  0.0001656760  0.0001844080  0.0001109090  0.0001282670  0.0000773720  0.0003096910  0.0001158580  0.0001163490  0.0002863700  0.0000555100  0.0001131610  0.0001434320  0.0001882420  0.0001163710  0.0002102700  0.0000845120  0.0002380460  0.0000691160  0.0001289380  0.0002540210  0.0002031740  0.0001804090  0.0001411930  0.0002414190  0.0001969390  0.0002208010  0.0001841960  0.0001125930  0.0001023710  0.0000674260  0.0002196680  0.0002124100  0.0002307870  0.0001770940  0.0001404400  0.0000893590  0.0001968670  0.0001802660  0.0002170260  0.0001629030  0.0002076980  0.0002133020  0.0001871170  0.0002000990  
  0.0001822970  0.0001088390  0.0001104880  0.0001312440  0.0001763040  0.0001561780  0.0002133070  0.0001449910  0.0001225150  0.0001687780  0.0001679380  0.0000849680  0.0001279390  0.0001367040  0.0000838870  0.0001428900  0.0001437170  0.0001248450  0.0001474760  0.0001381350  0.0001008560  0.0002207790  0.0001720160  0.0001262640  0.0001036390  0.0001102720  0.0001856320  0.0001745050  0.0001744740  0.0001550550  0.0001444910  0.0002574920  0.0000795880  0.0001703760  0.0001289810  0.0001608030  0.0001537010  0.0001530680  0.0001288780  0.0001511800  0.0001659780  0.0001652920  0.0001388660  0.0001510920  0.0002341750  0.0002532280  0.0001239700  0.0001240590  0.0000853360  0.0001177550  0.0000689960  0.0001803200  0.0001921620  0.0001883590  0.0001064650  0.0001522320  0.0001532780  0.0001445010  0.0000915430  0.0001138290  0.0000868920  0.0002445080  0.0001137570  0.0001104930  0.0002143120  0.0001105370  0.0001083270  0.0001221870  0.0001441670  0.0001064080  0.0001391840  0.0001475100  0.0001636580  0.0000767690  0.0001130480  0.0002065780  0.0001223880  0.0001533930  0.0001226460  0.0001859740  0.0001472690  0.0001817130  0.0001679300  0.0001079290  0.0001491530  0.0000788830  0.0001623460  0.0001829660  0.0001758320  0.0001148660  0.0001325380  0.0000815390  0.0001165710  0.0001221590  0.0001677340  0.0001539310  0.0001629370  0.0001781050  0.0001127150  0.0001601560  
  0.0003272700  0.0001685770  0.0001894950  0.0002698110  0.0004789870  0.0003058830  0.0005967700  0.0002967880  0.0002485290  0.0003562770  0.0003828390  0.0001081370  0.0002754310  0.0002742440  0.0001155610  0.0003083150  0.0002934950  0.0002597190  0.0002721350  0.0003120420  0.0002254640  0.0001720160  0.0006162400  0.0002207870  0.0001927850  0.0002018560  0.0004906760  0.0003917950  0.0003747310  0.0001646010  0.0001454060  0.0006228010  0.0000931110  0.0002284060  0.0002791570  0.0003631920  0.0004654220  0.0003215260  0.0002468060  0.0002554320  0.0003321480  0.0004159780  0.0003004750  0.0001568270  0.0005486050  0.0006006480  0.0002482150  0.0002337480  0.0001192000  0.0002180750  0.0001675110  0.0004762390  0.0003472360  0.0002990390  0.0001974970  0.0003148500  0.0003320830  0.0002998670  0.0001995350  0.0002073060  0.0001090530  0.0005939710  0.0001983010  0.0002220490  0.0005456760  0.0001008880  0.0001982730  0.0002037340  0.0003205180  0.0002015350  0.0003033730  0.0001467250  0.0003302810  0.0001049900  0.0001956130  0.0003937210  0.0002628580  0.0002937730  0.0002225210  0.0004363390  0.0003091480  0.0003093360  0.0002591620  0.0001764550  0.0001607180  0.0001047070  0.0004692610  0.0003050600  0.0004288490  0.0002289010  0.0002389110  0.0001355270  0.0002513090  0.0002234210  0.0003122970  0.0003655230  0.0003874940  0.0003558930  0.0002249280  0.0004510940  
  0.0002318020  0.0001102190  0.0001465720  0.0001729220  0.0002867020  0.0001914780  0.0003143430  0.0001943290  0.0001613260  0.0002289630  0.0002275580  0.0000919180  0.0001676090  0.0001638350  0.0000896930  0.0001977640  0.0001804130  0.0001671130  0.0001678140  0.0001969100  0.0001546160  0.0001262640  0.0002207870  0.0003182920  0.0001381020  0.0001264440  0.0002634030  0.0002191970  0.0002257730  0.0001226890  0.0001218700  0.0003303070  0.0000745520  0.0001747470  0.0002010910  0.0002347250  0.0002056110  0.0001892790  0.0001498900  0.0001722810  0.0001953610  0.0002711950  0.0001993810  0.0001207060  0.0003257660  0.0003461350  0.0001653780  0.0001561030  0.0000782830  0.0001549360  0.0000963260  0.0002791570  0.0002320460  0.0002139940  0.0001364060  0.0002190740  0.0002077480  0.0001818120  0.0001175020  0.0001284080  0.0000898590  0.0003419200  0.0001322930  0.0001279730  0.0003409960  0.0000807950  0.0001260650  0.0001473390  0.0002064150  0.0001353950  0.0001959380  0.0001087080  0.0002357160  0.0000844060  0.0001373980  0.0002499040  0.0001797580  0.0001854350  0.0001515780  0.0002716730  0.0001815850  0.0002243370  0.0001840590  0.0001205210  0.0001314290  0.0000810140  0.0002220740  0.0002116720  0.0002454210  0.0001451960  0.0001544020  0.0000852170  0.0001619230  0.0001548010  0.0002104610  0.0001919640  0.0002359440  0.0002336210  0.0001635520  0.0002121110  
  0.0002171620  0.0001046800  0.0001297150  0.0001638620  0.0002362670  0.0001736890  0.0002710660  0.0001891820  0.0001645720  0.0001601570  0.0002099650  0.0000856020  0.0001829590  0.0001394360  0.0000725800  0.0001535060  0.0001712260  0.0001518800  0.0001509100  0.0001775470  0.0001339600  0.0001036390  0.0001927850  0.0001381020  0.0002667980  0.0001289220  0.0002012730  0.0002020900  0.0001651800  0.0001029890  0.0000921060  0.0002577130  0.0000598030  0.0001534130  0.0001820280  0.0002150890  0.0001633860  0.0001614320  0.0001464360  0.0001526600  0.0001675820  0.0002158910  0.0001737180  0.0000969190  0.0002507290  0.0003148950  0.0001630780  0.0001443440  0.0000739470  0.0001389200  0.0000863580  0.0002394330  0.0002126180  0.0001986610  0.0001272940  0.0001413380  0.0001509890  0.0001746610  0.0001170330  0.0001251610  0.0000830930  0.0002622670  0.0001201290  0.0001256600  0.0002261920  0.0000607620  0.0001195200  0.0001320840  0.0001805120  0.0001240270  0.0001696040  0.0000906990  0.0001986410  0.0000828010  0.0001273400  0.0002165680  0.0001853830  0.0001563820  0.0001492430  0.0002227040  0.0001743370  0.0002033940  0.0001598990  0.0001174270  0.0001059270  0.0000679190  0.0001844570  0.0002043710  0.0002175830  0.0001548430  0.0001353670  0.0000843800  0.0001598220  0.0001709550  0.0001970640  0.0001516420  0.0001902750  0.0001955530  0.0001462890  0.0001724810  
  0.0001959880  0.0001139530  0.0001495560  0.0001604930  0.0002459180  0.0001824920  0.0002565010  0.0001721220  0.0001461230  0.0001687320  0.0001976870  0.0000761530  0.0002146630  0.0001460330  0.0000841920  0.0001769190  0.0001703800  0.0001465440  0.0001535280  0.0001832160  0.0001332000  0.0001102720  0.0002018560  0.0001264440  0.0001289220  0.0002925690  0.0002423080  0.0002091990  0.0001826460  0.0001058460  0.0000959150  0.0003045060  0.0000700480  0.0001467780  0.0001794460  0.0002261340  0.0002011840  0.0001597210  0.0001470680  0.0001480410  0.0001743240  0.0002253580  0.0001773970  0.0001003560  0.0002717380  0.0002759530  0.0001508020  0.0001444020  0.0000733530  0.0001342980  0.0001010250  0.0002506940  0.0002143580  0.0001868720  0.0001305350  0.0001617280  0.0001543710  0.0001919190  0.0001152290  0.0001242150  0.0000843070  0.0002910350  0.0001393030  0.0001268930  0.0002783440  0.0000690640  0.0001259550  0.0001349740  0.0001785780  0.0001418510  0.0001673050  0.0000985050  0.0001904420  0.0001010570  0.0001247940  0.0002261120  0.0001617620  0.0001668470  0.0001606590  0.0002231740  0.0001725090  0.0001930150  0.0001558630  0.0001230830  0.0001021000  0.0000784300  0.0001968610  0.0001923900  0.0002229150  0.0001528430  0.0001640100  0.0000906200  0.0001692160  0.0001495290  0.0001998710  0.0001722290  0.0001980830  0.0002070990  0.0001426000  0.0001977090  
  0.0003936870  0.0001836100  0.0002191640  0.0003246140  0.0005647680  0.0003530300  0.0007446380  0.0003266700  0.0002862530  0.0004005110  0.0004663730  0.0000996020  0.0003344020  0.0003365360  0.0001299310  0.0003696980  0.0003444450  0.0002813910  0.0003040720  0.0003463100  0.0002654980  0.0001856320  0.0004906760  0.0002634030  0.0002012730  0.0002423080  0.0010005580  0.0004369520  0.0004174660  0.0001702710  0.0001517130  0.0008008090  0.0000989850  0.0002527010  0.0003626460  0.0004028730  0.0006413310  0.0003737060  0.0002783630  0.0003082040  0.0003796160  0.0004557890  0.0003331350  0.0001666460  0.0006285110  0.0007338380  0.0002814820  0.0002756470  0.0001249030  0.0002666620  0.0001908850  0.0004970810  0.0004170590  0.0003590920  0.0002376750  0.0003691030  0.0003493420  0.0003317810  0.0002179000  0.0002421670  0.0001276280  0.0007198610  0.0002509780  0.0002492370  0.0006400780  0.0001001250  0.0002367270  0.0002452140  0.0003609450  0.0002176850  0.0003488640  0.0001520980  0.0003954270  0.0001335430  0.0002266020  0.0004520240  0.0003201840  0.0003237310  0.0002592340  0.0004871900  0.0003267960  0.0003648120  0.0003083730  0.0002011810  0.0001896300  0.0001138420  0.0005889830  0.0003671470  0.0005077430  0.0002652930  0.0002819060  0.0001514400  0.0002913640  0.0002693000  0.0003746810  0.0004435750  0.0004200020  0.0004046160  0.0002773570  0.0005513330  
  0.0003353250  0.0001601490  0.0001959940  0.0002984570  0.0004683690  0.0002887410  0.0005358630  0.0003205650  0.0002534660  0.0003270230  0.0003740780  0.0000920410  0.0003069470  0.0002537260  0.0001193040  0.0003695930  0.0003418290  0.0003105620  0.0002694000  0.0003401120  0.0002087330  0.0001745050  0.0003917950  0.0002191970  0.0002020900  0.0002091990  0.0004369520  0.0007492520  0.0003557920  0.0001541870  0.0001406760  0.0005877570  0.0000966760  0.0002241890  0.0002704000  0.0003897930  0.0004069310  0.0002912010  0.0002483780  0.0002374760  0.0002884070  0.0004589000  0.0003629740  0.0001365430  0.0005142740  0.0004980330  0.0002471010  0.0002307690  0.0001207310  0.0002297330  0.0001834720  0.0004994440  0.0003544860  0.0002897780  0.0002250100  0.0003003420  0.0003054830  0.0003363950  0.0001918140  0.0002146370  0.0001195080  0.0005350290  0.0001925410  0.0002121990  0.0005290610  0.0000971910  0.0002211920  0.0002162620  0.0003378450  0.0002142570  0.0003021190  0.0001431720  0.0003332170  0.0001236470  0.0002116690  0.0003925660  0.0002778840  0.0003236800  0.0002482630  0.0005760390  0.0003296560  0.0003020760  0.0002483300  0.0001970790  0.0001493880  0.0001174690  0.0004297790  0.0003036420  0.0004230680  0.0002352990  0.0002272670  0.0001326000  0.0002725460  0.0002343850  0.0003319570  0.0003346940  0.0004023390  0.0003575400  0.0002166410  0.0003905450  
